2155 31 1257
31 2155 1200
2155 525 2502
525 2155 2770
2155 1240 3111
1240 2155 2875
2155 524 4203
524 2155 4220
2155 992 1561 
992 2155 1395
1240 524 1649
1240 31 1926
1240 525 1495
1240 992 1589
525 1240 1702
524 1240 1608
31 1240 1890
992 1240 1908
524 525 1649
524 31 2570
524 992 2553
525 524 1608
31 524 2772
992 524 2790
525 31 1606
525 992 1589
31 525 1890
992 525 1908
31 992 246
992 31 17
2143 440 2680
2143 236 3022
440 2143 2412
236 2143 3035
236 440 789
440 236 766
2152 526 2210
526 2152 1718
2141 111 2228
2141 110 2653
2141 18 3024
18 110 821
110 18 1045
18 111 849
111 18 1278
110 111 877
111 110 630
785 653 2561
653 785 2389
785 1044 1490
1044 785 1264
785 950 2581
950 785 2357
785 398 1566
398 785 1260
785 893 1369
893 785 1126
785 1477 3697  
1477 785 3420
653 1044 1721
1044 653 1683
653 950 361
950 653 215
653 398 1592
398 653 1415
653 397 2049
397 653 2012
653 893 2373
893 653 1949
653 1477 1802
1477 653 1921
1044 950 1825
950 1044 1689
1044 398 401
398 1044 299
1044 397 664
397 1044 755 
1044 893 1248
893 1044 999
1044 1477 2468
1477 1044 2389
950 398 1560
398 950 1557
950 397 2017
397 950 2153
950 893 2340
893 950 2019
950 1477 1770
1477 950 2062
398 397 762
397 398 801
398 893 1244
893 398 1029
398 1477 2234
1477 398 2321
397 893 1819
893 397 1604
397 1477 2458
1477 397 2277
893 1477 3404
1477 893 3085
1 2148 669
2148 1 607
2148 2 2346
2 2148 2277
1 2 2883
2 1 2862
2188 152 1754
152 2188 1779
2188 153 994
153 2188 891
2188 1647 1800
1647 2188 1852
2188 1648 3169 
1648 2188 3165
1648 1647 1586
1647 1648 1669
1648 153 2958
153 1648 2978 
1648 152 1688
152 1648 1685
1647 153 1640
153 1647 1612
1647 152 274
152 1647 344
153 152 1567
152 153 1567
2159 67 9107 
67 2159 8814
2181 535 934
535 2181 829
2181 850 2670
850 2181 2562
535 850 1999
850 535 1936
2137 355 1177
355 2137 1160
476 2172 547
2172 476 476
138 140 4196
140 138 4972
138 679 4376
679 138 4343
138 2142 3920
2142 138 3884
140 679 2057
679 140 1947
140 2142 1809 
2142 140 1820
679 2142 1102
2142 679 1216
